-0.00127 0.00150 0.01863 -0.07267 0.00012 0.00079 0.17580 -0.01918 0.00119 0.03535 0.06818 -0.00011 0.00421 0.07079 0.15434 0.03485 0.11417 0.00056 0.07797 0.00089
0.04050 0.00012 -0.03716 0.08971 0.00057 0.04982 0.03280 0.00178 -0.00861 0.00512 0.10410 0.00019 -0.00103 0.07968 -0.02253 0.03313 0.00237 0.06079 0.00511 0.00003
0.00122 -0.00175 0.00333 0.03914 -0.00014 0.00112 -0.00255 0.02741 0.00238 -0.00100 0.55368 -0.00146 -0.00400 0.00702 -0.00051 0.02024 -0.02051 -0.13553 0.02974 -0.00086
0.00219 0.00067 -0.00436 0.00112 0.00155 -0.00105 -0.00036 -0.00010 -0.00022 0.00023 -0.00028 -0.00001 -0.01306 -0.00001 -0.00114 0.00008 0.00584 0.00055 0.01287 0.00002
0.14729 0.23001 -0.01180 0.07854 0.00012 0.01882 0.05687 -0.06649 -0.04349 0.26140 0.03320 0.17138 0.27418 -0.03451 0.18165 0.06245 0.08576 0.10222 0.21382 0.00031
0.04307 -0.00148 -0.03136 0.02790 0.00050 0.00284 -0.00058 0.01728 0.06700 0.00273 0.05878 -0.00024 -0.00081 0.13087 0.04164 0.00020 0.00577 0.03432 0.03139 0.00023
-0.00040 -0.00130 0.00223 -0.04379 0.00009 -0.00453 0.00128 0.00074 -0.02109 -0.00322 0.01064 0.00050 -0.00878 0.15542 0.00270 -0.00287 0.14982 -0.03655 0.00227 -0.00077
0.00964 0.00883 0.00170 -0.09474 0.00082 -0.00542 0.00546 -0.00014 0.00054 0.00018 0.00734 0.00009 0.00621 0.00138 0.00182 -0.00057 0.01899 -0.00052 -0.00212 0.00036
0.00064 -0.00468 0.72274 -0.26263 -0.00002 -0.00014 -0.00124 0.04230 -0.00006 0.00253 0.48591 -0.00088 -0.00681 -0.00708 -0.00017 -0.03649 -0.06768 -0.16604 -0.01905 0.00229
-0.00033 0.00301 -0.00257 0.02883 0.00069 0.05966 -0.03797 0.08918 0.01639 0.00028 0.00316 -0.00267 -0.00161 -0.02349 0.00185 -0.00279 -0.00091 0.00956 0.10767 0.00034
0.00023 -0.00018 -0.00001 -0.01134 -0.00068 0.00062 0.00001 -0.00380 0.00005 0.00140 0.00253 0.00008 -0.00037 -0.00083 0.00139 0.35352 -0.00478 0.00556 -0.01220 0.00048
0.27742 0.20136 -0.00811 0.08011 -0.00095 0.19387 0.08869 0.10767 -0.03546 0.02855 0.14099 0.00095 0.11634 -0.00034 0.12129 0.02833 0.20680 0.12403 -0.03306 -0.00001
-0.02547 0.04426 0.00764 -0.00043 -0.00057 0.05137 0.00639 -0.00731 -0.01073 0.14510 0.03771 -0.00022 0.00170 0.13009 0.00548 -0.02048 0.03409 -0.01459 0.13836 -0.00003
0.00097 -0.00108 0.00758 0.07398 -0.00287 0.00026 0.00080 -0.04365 -0.00018 -0.00189 0.05144 -0.00030 0.00073 0.00269 -0.00002 -0.00527 -0.00897 -0.00098 0.03014 -0.00128
-0.00003 -0.00077 -0.01590 0.08257 0.00082 0.00221 0.00845 0.01285 0.09482 0.01114 -0.00326 -0.00004 0.00900 0.17586 -0.00013 0.00084 0.07301 0.02476 -0.01422 -0.00516
0.00029 -0.00052 -0.00010 0.16118 0.00024 0.00117 0.01369 -0.00716 0.00028 0.02485 0.00008 0.00034 -0.00046 0.00016 0.00464 0.00012 0.07098 0.11709 0.00858 0.00026
-0.00050 0.03418 0.00312 0.01559 -0.00034 -0.03282 0.00043 0.00340 0.00263 0.04317 -0.00081 -0.00072 0.00137 -0.00041 0.00068 -0.00057 0.00024 -0.00202 0.00057 -0.00019
-0.00955 0.00192 -0.00899 0.17386 -0.00140 0.00030 0.00461 0.06523 0.00009 0.02057 -0.00014 -0.00026 0.00228 -0.00794 0.00614 0.00004 -0.02871 0.00162 -0.00809 0.00108
-0.00175 0.00190 -0.00158 0.01189 -0.00002 -0.00029 0.01935 0.00375 -0.00232 0.00163 0.00024 0.00131 -0.00010 -0.00135 0.01507 0.00270 0.06143 0.02328 0.00015 0.00350
0.21279 0.29314 -0.01903 0.05356 0.49045 0.18803 0.22592 0.07307 0.00810 0.26194 0.09150 0.46656 0.16961 -0.06347 0.06811 0.02475 0.15070 0.13377 0.10951 0.00083
